4
90
80 80
18 58
21 52
19 46
13 46
16 38
11 36
11 58
14 42
10 42
10 41
10 44
11 54
9 57
10 52
21 41
8 46
12 38
8 35
10 38
13 49
8 46
20 55
21 53
11 48
11 53
14 57
9 49
16 39
10 35
13 51
39 14
38 9
29 20
38 11
27 21
41 24
29 23
36 10
37 19
29 10
35 26
36 20
35 23
34 18
37 24
38 56
37 60
47 54
45 48
44 60
39 51
43 52
38 61
45 63
44 55
44 47
41 66
40 55
49 52
44 53
59 30
61 36
65 34
61 38
66 25
58 39
66 39
68 30
61 28
62 25
62 30
64 20
59 24
63 28
61 30
69 24
69 32
71 30
70 38
57 39
58 43
66 28
64 21
64 39
63 41
67 44
63 29
61 21
65 43
63 24