
First set of data:

With 1 processor:
___________________________________________________________________________
p1|4    5    1    2    9    7    3    6    8    12   14   15   11   13   10   
---------------------------------------------------------------------------

With 3 processors:
______________________________
p1|4    5    3    6    12   14   
p2|1    2    0    8    15   11   
p3|9    7    0    10   13   0    
------------------------------





Second set of data:

With 1 processor:
____________________________________________________________________________________________________________________________________________
p1|7    9    9    4    4    4    5    5    1    1    1    1    2    6    6    13   13   3    3    3    8    8    11   11   10   10   10   12   
--------------------------------------------------------------------------------------------------------------------------------------------

With 3 processors:
_______________________________________________________
p1|7    1    1    1    1    2    6    6    13   13   0    
p2|9    9    3    3    3    8    8    0    11   11   0    
p3|4    4    4    5    5    10   10   10   12   12   12   
-------------------------------------------------------

With 5 processors:
__________________________________________________
p1|7    0    3    3    3    6    6    13   13   0    
p2|9    9    0    5    5    8    8    11   11   0    
p3|4    4    4    0    2    10   10   10   0    0    
p4|1    1    1    1    0    0    0    12   12   12   
p5|0    0    0    0    0    0    0    0    0    0    
--------------------------------------------------

